231510 6 2000 
   186  6  4
sta     UTM east UTM north   elev m.  press hP   T deg C   dir deg   spd m/s  latitude  longitud   T deg F  prss msl  altim in 
TVWU1    294.89   4357.21   1585.00  -9999.00     21.67    338.00      6.10     39.34   -113.38     71.00  -9999.00  -9999.00
SBWU1    413.82   4354.98   1625.00    842.57     24.44     60.00      5.20     39.34   -112.00     76.00  -9999.00     30.28
NWYU1    495.77   4499.91   2524.00  -9999.00     16.67     20.00      3.50     40.65   -111.05     62.00  -9999.00  -9999.00
MSKU1    357.92   4499.04   1341.00    861.51     21.67      0.00      6.10     40.63   -112.68     71.00  -9999.00     29.90
MSRU1    391.28   4406.33   1756.00  -9999.00     22.22     65.00      3.50     39.80   -112.27     72.00  -9999.00  -9999.00
BEUU1    422.80   4555.82   1554.00  -9999.00     23.33    256.00      1.70     41.15   -111.92     74.00  -9999.00  -9999.00
MS9      383.55   4460.85   1545.00  -9999.00     19.22    349.30     10.70     40.29   -112.37     66.60  -9999.00  -9999.00
MS8      387.85   4464.11   1615.00  -9999.00     18.61    347.20     10.70     40.32   -112.32     65.50  -9999.00  -9999.00
MS7      384.47   4465.27   1560.00  -9999.00     18.50    355.40     11.70     40.33   -112.36     65.30  -9999.00  -9999.00
MS6      381.04   4463.11   1535.00  -9999.00     18.61    356.60     11.30     40.31   -112.40     65.50  -9999.00  -9999.00
MS5      381.00   4460.89   1535.00  -9999.00     19.00    359.90     11.10     40.29   -112.40     66.20  -9999.00  -9999.00
MS4      381.78   4456.43   1535.00  -9999.00     19.22    359.90     11.90     40.25   -112.39     66.60  -9999.00  -9999.00
MS3      384.33   4456.39   1540.00  -9999.00     19.28    350.20     11.30     40.25   -112.36     66.70  -9999.00  -9999.00
MS2      386.89   4456.35   1545.00  -9999.00     20.22    342.00     11.50     40.25   -112.33     68.40  -9999.00  -9999.00
MS1      386.95   4460.79   1555.00  -9999.00     19.50    344.10     11.70     40.29   -112.33     67.10  -9999.00  -9999.00
VRN      377.22   4437.63   1695.00    832.02     20.33    358.30      7.10     40.08   -112.44     68.60   1009.47     30.16
VRH      383.26   4441.98   1756.00  -9999.00     17.56     19.90      6.10     40.12   -112.37     63.60  -9999.00  -9999.00
TOO      389.84   4484.07   1565.00    844.05     16.67    353.70      3.20     40.50   -112.30     62.00   1011.41     30.11
TES      379.28   4459.80   1567.00  -9999.00     18.17      6.90     12.50     40.28   -112.42     64.70  -9999.00  -9999.00
TEN      380.63   4490.87   1372.00  -9999.00     17.11    354.10      4.70     40.56   -112.41     62.80  -9999.00  -9999.00
STO      387.24   4479.66   1573.00    842.94     16.06    329.00     10.60     40.46   -112.33     60.90   1011.36     30.10
SMT      379.60   4479.78   1829.00  -9999.00     12.17    338.40     11.10     40.46   -112.42     53.90  -9999.00  -9999.00
SJS      377.76   4470.93   1535.00    851.95     17.67    330.70     11.60     40.38   -112.44     63.80   1016.32     30.28
RVF      374.26   4464.33   1628.00  -9999.00     17.50    340.90     12.10     40.32   -112.48     63.50  -9999.00  -9999.00
OPH      387.92   4468.55   1695.00  -9999.00     17.56    339.80     10.50     40.36   -112.32     63.60  -9999.00  -9999.00
PEN      383.71   4470.84   1561.00  -9999.00     17.44      3.80     13.10     40.38   -112.37     63.40  -9999.00  -9999.00
PEM      388.50   4450.78   1554.00    846.03     20.50      0.00      0.00     40.20   -112.31     68.90   1010.24     30.14
MTB      371.13   4479.92   1646.00    835.95     15.61    351.30     12.30     40.46   -112.52     60.10   1011.59     30.12
CUR      392.08   4462.94   1750.00    823.93     19.72    304.20      7.40     40.31   -112.27     67.50   1006.35     30.07
LOF      391.62   4430.75   1768.00  -9999.00     20.67     22.70      5.80     40.02   -112.27     69.20  -9999.00  -9999.00
LAK      391.80   4501.80   1298.00    873.00     17.00      1.00      7.50     40.66   -112.28     62.60   1014.32     30.14
RES      368.76   4489.96   1670.00  -9999.00     15.72     17.00      5.60     40.55   -112.55     60.30  -9999.00  -9999.00
GRS      375.61   4494.28   1361.00    864.00     18.06     11.30      3.50     40.59   -112.47     64.50   1010.78     30.06
FMP      400.48   4455.05   1640.00  -9999.00     19.78     75.00      7.50     40.24   -112.17     67.60  -9999.00  -9999.00
FLU      372.39   4504.33   1286.00  -9999.00     17.50     53.60      5.50     40.68   -112.51     63.50  -9999.00  -9999.00
FFD      406.47   4458.31   1494.00    852.01     20.06     48.70      6.40     40.27   -112.10     68.10   1010.73     30.13
FAU      377.37   4446.51   1622.00  -9999.00     19.72      2.90     10.50     40.16   -112.44     67.50  -9999.00  -9999.00
POR      385.76   4494.12   1329.00    871.14     17.22    353.50      4.40     40.59   -112.35     63.00   1015.66     30.19
CFO      405.71   4464.98   1585.00  -9999.00     20.11     44.90      6.80     40.33   -112.11     68.20  -9999.00  -9999.00
URM      379.12   4502.00   1286.00  -9999.00     16.78     42.00      5.30     40.66   -112.43     62.20  -9999.00  -9999.00
BCP      370.17   4424.42   2827.00    691.34     12.28    328.30      3.10     39.96   -112.52     54.10    964.28     28.87
SWH      417.50   4605.84   1536.00  -9999.00      9.72    265.00      6.20     41.60   -111.99     49.50  -9999.00  -9999.00
TPR      428.74   4562.42   1760.00  -9999.00     17.11    325.00     12.40     41.21   -111.85     62.80  -9999.00  -9999.00
PWR      426.15   4554.67   1768.00  -9999.00     19.94    345.00      5.60     41.14   -111.88     67.90  -9999.00  -9999.00
UT5      433.28   4507.98   1743.00  -9999.00     18.22    225.00      4.70     40.72   -111.79     64.80  -9999.00  -9999.00
KNC      431.50   4498.00   1402.00  -9999.00     21.00    300.00      4.40     40.63   -111.81     69.80  -9999.00  -9999.00
SNX      396.62   4543.93   1280.00  -9999.00     12.78    193.00      1.70     41.04   -112.23     55.00  -9999.00  -9999.00
SNL      418.98   4513.67   1292.00  -9999.00     19.44    311.00      1.70     40.77   -111.96     67.00  -9999.00  -9999.00
SNZ      426.69   4524.69   1451.00  -9999.00     20.00    313.00      0.90     40.87   -111.87     68.00  -9999.00  -9999.00
SNC      456.04   4501.15   1937.00  -9999.00     16.11    344.00      1.70     40.66   -111.52     61.00  -9999.00  -9999.00
WBB      428.27   4513.57   1465.00    855.90     19.11    202.30      4.80     40.77   -111.85     66.40   1012.56     30.16
PGRU1    436.38   4475.76   1585.00  -9999.00     21.67    293.00      6.10     40.43   -111.75     71.00  -9999.00  -9999.00
ARAU1    329.06   4495.21   1533.00  -9999.00     22.22    316.00      4.30     40.59   -113.02     72.00  -9999.00  -9999.00
VNCU1    378.66   4420.95   2286.00  -9999.00     17.22  -9999.00  -9999.00     39.93   -112.42     63.00  -9999.00  -9999.00
RBSU1    396.52   4476.20   2712.00  -9999.00      6.67  -9999.00  -9999.00     40.43   -112.22     44.00  -9999.00  -9999.00
PYSU1    446.17   4420.18   2453.00  -9999.00     13.33  -9999.00  -9999.00     39.93   -111.63     56.00  -9999.00  -9999.00
MLDU1    446.74   4501.21   2731.00  -9999.00     11.67  -9999.00  -9999.00     40.66   -111.63     53.00  -9999.00  -9999.00
MCRU1    458.25   4591.05   2713.00  -9999.00      7.78  -9999.00  -9999.00     41.47   -111.50     46.00  -9999.00  -9999.00
LTBU1    431.46   4583.49   1996.00  -9999.00     15.00  -9999.00  -9999.00     41.40   -111.82     59.00  -9999.00  -9999.00
HRGU1    463.99   4569.93   2517.00  -9999.00     10.56  -9999.00  -9999.00     41.28   -111.43     51.00  -9999.00  -9999.00
HARU1    439.33   4524.58   2209.00  -9999.00     13.89  -9999.00  -9999.00     40.87   -111.72     57.00  -9999.00  -9999.00
FMNU1    431.04   4539.08   2118.00  -9999.00     12.22  -9999.00  -9999.00     41.00   -111.82     54.00  -9999.00  -9999.00
DRFU1    400.12   4491.69   2182.00  -9999.00      8.89  -9999.00  -9999.00     40.57   -112.18     48.00  -9999.00  -9999.00
CUCU1    493.21   4465.50   2438.00  -9999.00     17.78  -9999.00  -9999.00     40.34   -111.08     64.00  -9999.00  -9999.00
CLCU1    476.04   4410.04   2804.00  -9999.00     12.22  -9999.00  -9999.00     39.84   -111.28     54.00  -9999.00  -9999.00
CHCU1    494.10   4521.00   2773.00  -9999.00      9.44  -9999.00  -9999.00     40.84   -111.07     49.00  -9999.00  -9999.00
CCKU1    494.10   4527.66   2499.00  -9999.00     11.11  -9999.00  -9999.00     40.90   -111.07     52.00  -9999.00  -9999.00
BVDU1    449.87   4331.36   2438.00  -9999.00     17.78  -9999.00  -9999.00     39.13   -111.58     64.00  -9999.00  -9999.00
BULU1    465.04   4614.33   2423.00  -9999.00     10.00  -9999.00  -9999.00     41.68   -111.42     50.00  -9999.00  -9999.00
BRIU1    447.54   4493.43   2667.00  -9999.00     13.89  -9999.00  -9999.00     40.59   -111.62     57.00  -9999.00  -9999.00
CUPG     497.45   4468.83   2320.00  -9999.00     15.67    282.30      1.70     40.37   -111.03     60.20  -9999.00  -9999.00
CUPF     490.64   4452.18   2319.00  -9999.00     14.56    246.40     11.70     40.22   -111.11     58.20  -9999.00  -9999.00
CUPE     460.17   4482.25   1655.00  -9999.00     20.17    195.40      7.00     40.49   -111.47     68.30  -9999.00  -9999.00
CUPD     464.46   4493.33   1855.00  -9999.00     17.39    346.80     10.50     40.59   -111.42     63.30  -9999.00  -9999.00
CUPC     423.58   4468.10   1370.00  -9999.00     19.94    288.60      2.80     40.36   -111.90     67.90  -9999.00  -9999.00
CUPA     495.75   4464.39   2313.00  -9999.00     14.56  -9999.00  -9999.00     40.33   -111.05     58.20  -9999.00  -9999.00
MOLE     487.89   4323.44   1830.00  -9999.00     23.67     35.30      3.00     39.06   -111.14     74.60  -9999.00  -9999.00
MEN      418.47   4618.04   1379.00  -9999.00     17.44    185.00      1.90     41.71   -111.98     63.40  -9999.00  -9999.00
LGP      440.93   4617.82   2731.00  -9999.00      5.56    292.00     10.40     41.71   -111.71     42.00   1022.57  -9999.00
LGC      430.17   4623.47   1358.00  -9999.00     19.11    320.00      1.80     41.76   -111.84     66.40   1019.19  -9999.00
QSA      414.84   4520.38   1283.00  -9999.00     16.67    335.00      5.20     40.83   -112.01     62.00  -9999.00  -9999.00
QWT      417.80   4559.20   1347.00  -9999.00     18.78    308.00      5.10     41.18   -111.98     65.80  -9999.00  -9999.00
QWV      418.91   4507.01   1295.00  -9999.00     19.28    311.00      7.00     40.71   -111.96     66.70  -9999.00  -9999.00
QNP      443.87   4455.71   1396.00  -9999.00     22.00    302.00      5.20     40.25   -111.66     71.60  -9999.00  -9999.00
QLN      439.70   4465.74   1451.00  -9999.00     19.50    295.00      6.30     40.34   -111.71     67.10  -9999.00  -9999.00
CRL      377.67   4465.38   1573.00  -9999.00     18.33      0.30     10.00     40.33   -112.44     65.00  -9999.00  -9999.00
SND      449.91   4468.99   2515.00  -9999.00     13.33    183.00     13.90     40.37   -111.59     56.00  -9999.00  -9999.00
HQ2      415.53   4507.05   1270.00    870.18     18.89    303.30      7.00     40.71   -112.00     66.00   1007.38     29.94
UT9      394.41   4507.32   1311.00  -9999.00     15.89      0.00      8.80     40.71   -112.25     60.60  -9999.00  -9999.00
SLT      396.73   4610.55   1291.00  -9999.00     20.00    198.00      2.60     41.64   -112.24     68.00  -9999.00  -9999.00
LDS1     424.89   4513.61   1450.00  -9999.00     18.89    306.00     11.30     40.77   -111.89     66.00  -9999.00  -9999.00
BR4      403.93   4588.24   1283.00  -9999.00     20.00    310.00      1.70     41.44   -112.15     68.00  -9999.00  -9999.00
BR2      389.78   4591.77   1283.00  -9999.00     21.11    358.00      0.90     41.47   -112.32     70.00  -9999.00  -9999.00
LMR      341.19   4547.14   1536.00    855.50     14.44    101.00      8.70     41.06   -112.89     58.00   1022.67     30.41
PRP      378.53   4568.63   2111.00  -9999.00     13.89    311.00      1.70     41.26   -112.45     57.00  -9999.00  -9999.00
WBU      453.54   4506.71   2750.00  -9999.00     14.44    274.00      2.60     40.71   -111.55     58.00  -9999.00  -9999.00
WBL      452.70   4507.83   2700.00  -9999.00     15.00      2.00      3.50     40.72   -111.56     59.00  -9999.00  -9999.00
EMP      456.86   4496.70   2917.00  -9999.00     10.56    133.00      5.20     40.62   -111.51     51.00  -9999.00  -9999.00
DVB      459.40   4496.69   2591.00  -9999.00     11.67     13.00      1.70     40.62   -111.48     53.00  -9999.00  -9999.00
MBY      459.38   4493.36   2849.00  -9999.00     11.11    358.00      5.20     40.59   -111.48     52.00  -9999.00  -9999.00
PCT      455.17   4496.71   2744.00  -9999.00     13.33      0.00      0.00     40.62   -111.53     56.00  -9999.00  -9999.00
PCB      456.88   4500.03   2000.00  -9999.00     17.78    325.00     11.30     40.65   -111.51     64.00  -9999.00  -9999.00
PCS      456.03   4498.93   2610.00  -9999.00     16.11    226.00      1.70     40.64   -111.52     61.00  -9999.00  -9999.00
SNI      427.90   4562.43   2256.00  -9999.00     13.89    254.00      0.90     41.21   -111.86     57.00  -9999.00  -9999.00
FPK      429.39   4542.43   2914.00  -9999.00      7.22    249.00      8.70     41.03   -111.84     45.00  -9999.00  -9999.00
FWP      398.56   4501.71   2797.00  -9999.00     10.56    250.00      3.50     40.66   -112.20     51.00  -9999.00  -9999.00
HOL      429.86   4503.57   1402.00  -9999.00     20.56    333.00      0.90     40.68   -111.83     69.00  -9999.00  -9999.00
QON      418.80   4573.62   1359.00  -9999.00  -9999.00    261.00      5.00     41.31   -111.97  -9999.00  -9999.00  -9999.00
QMG      407.93   4507.14   1323.00  -9999.00     18.61    321.00      7.00     40.71   -112.09     65.50  -9999.00  -9999.00
QHW      426.53   4509.15   1311.00  -9999.00     18.78    269.00      7.00     40.73   -111.87     65.80  -9999.00  -9999.00
QHG      432.14   4475.79   1494.00  -9999.00     19.61    353.00      8.80     40.43   -111.80     67.30  -9999.00  -9999.00
QHE      413.60   4485.97   1475.00  -9999.00     17.22     12.00      7.70     40.52   -112.02     63.00  -9999.00  -9999.00
QCW      428.13   4499.14   1323.00  -9999.00     19.72    335.00      8.60     40.64   -111.85     67.50  -9999.00  -9999.00
QBT      425.87   4526.92   1323.00  -9999.00     19.72    296.00      4.10     40.89   -111.88     67.50  -9999.00  -9999.00
QB4      397.82   4509.49   1280.00  -9999.00     16.72     16.00      5.20     40.73   -112.21     62.10  -9999.00  -9999.00
EVW      497.49   4569.84   2134.00    789.77     16.11    250.00     13.00     41.28   -111.03     61.00   1018.90     30.23
LMS      345.23   4618.14   1293.00    870.06     17.78    195.00      6.10     41.70   -112.86     64.00   1010.35     30.02
HAT      366.42   4547.75   1293.00    871.50     15.00     61.00      4.30     41.07   -112.59     59.00   1013.41     30.07
NCARS    421.00   4479.39   1370.00    865.51     18.89    316.45      4.41     40.46   -111.93  -9999.00  -9999.00     30.15
NCARH    421.15   4479.39   1400.00    861.86     18.88    342.19      5.20     40.46   -111.93  -9999.00  -9999.00     30.13
PNLDW    413.32   4488.13   1485.00    854.00     17.62      9.91      2.69     40.54   -112.02  -9999.00  -9999.00     30.17
SFC01    420.69   4489.20   1349.00    868.00     21.27    336.20      2.99     40.55   -111.94     70.28  -9999.00     30.15
SFC02    424.95   4513.51   1328.00    858.00     18.93    307.35      6.19     40.77   -111.89     66.08  -9999.00     29.73
SFC03    425.99   4502.99   1308.00    872.00     20.73    319.44      2.10     40.68   -111.88     69.32  -9999.00     30.14
SFC04    430.42   4506.95   1406.00    861.33     19.13    308.31      1.94     40.71   -111.82     66.44  -9999.00     30.13
SFC05    413.31   4503.61   1360.00    866.00     18.90    320.20      2.92     40.68   -112.03     66.02  -9999.00     30.13
SFC06    431.72   4491.47   1564.00    846.00     19.93    339.05      1.92     40.57   -111.81     67.88  -9999.00     30.18
SFC07    427.62   4492.64   1435.00  -9999.00     19.27    332.67      1.58     40.58   -111.86     66.68  -9999.00  -9999.00
SFC08    423.58   4513.11   1290.00  -9999.00     19.20    297.13      5.46     40.77   -111.91     66.56  -9999.00  -9999.00
SFC09    426.58   4512.29   1290.00  -9999.00     20.07    325.12      3.65     40.76   -111.87     68.12  -9999.00  -9999.00
SFC10    424.76   4511.64   1320.00  -9999.00     20.27    309.99      2.86     40.75   -111.89     68.48  -9999.00  -9999.00
SFC11    422.98   4506.23   1291.00  -9999.00     18.97    328.60      3.71     40.71   -111.91     66.14  -9999.00  -9999.00
HOB01    421.32   4521.23   1283.00  -9999.00     19.03  -9999.00  -9999.00     40.84   -111.93     66.25  -9999.00  -9999.00
HOB02    418.41   4518.23   1286.00  -9999.00     18.08  -9999.00  -9999.00     40.81   -111.97     64.55  -9999.00  -9999.00
HOB03    420.81   4517.22   1283.00  -9999.00     18.18  -9999.00  -9999.00     40.80   -111.94     64.72  -9999.00  -9999.00
HOB04    422.36   4517.37   1285.00  -9999.00     19.21  -9999.00  -9999.00     40.80   -111.92     66.58  -9999.00  -9999.00
HOB05    406.85   4513.89   1286.00  -9999.00     18.04  -9999.00  -9999.00     40.77   -112.10     64.47  -9999.00  -9999.00
HOB06    410.37   4513.17   1283.00  -9999.00     18.59  -9999.00  -9999.00     40.76   -112.06     65.47  -9999.00  -9999.00
HOB07    412.64   4515.27   1286.00  -9999.00     18.15  -9999.00  -9999.00     40.78   -112.04     64.66  -9999.00  -9999.00
HOB08    422.46   4513.84   1286.00  -9999.00     18.82  -9999.00  -9999.00     40.77   -111.92     65.88  -9999.00  -9999.00
HOB09    424.07   4515.52   1298.00  -9999.00     19.62  -9999.00  -9999.00     40.79   -111.90     67.32  -9999.00  -9999.00
HOB10    425.87   4514.58   1420.00  -9999.00     19.63  -9999.00  -9999.00     40.78   -111.88     67.33  -9999.00  -9999.00
HOB11    427.21   4514.69   1475.00  -9999.00     19.06  -9999.00  -9999.00     40.78   -111.86     66.30  -9999.00  -9999.00
HOB12    420.41   4511.37   1288.00  -9999.00     19.15  -9999.00  -9999.00     40.75   -111.94     66.46  -9999.00  -9999.00
HOB13    422.69   4511.68   1288.00  -9999.00     19.63  -9999.00  -9999.00     40.75   -111.92     67.33  -9999.00  -9999.00
HOB14    416.90   4507.97   1292.00  -9999.00     18.57  -9999.00  -9999.00     40.72   -111.98     65.43  -9999.00  -9999.00
HOB15    421.83   4509.59   1289.00  -9999.00     19.31  -9999.00  -9999.00     40.73   -111.93     66.76  -9999.00  -9999.00
HOB16    424.84   4507.42   1293.00  -9999.00     19.48  -9999.00  -9999.00     40.71   -111.89     67.07  -9999.00  -9999.00
HOB17    427.00   4507.40   1314.00  -9999.00     20.20  -9999.00  -9999.00     40.71   -111.86     68.35  -9999.00  -9999.00
HOB18    428.45   4509.32   1366.00  -9999.00     20.31  -9999.00  -9999.00     40.73   -111.85     68.55  -9999.00  -9999.00
HOB19    430.39   4509.92   1436.00  -9999.00     18.84  -9999.00  -9999.00     40.74   -111.82     65.91  -9999.00  -9999.00
HOB20    417.88   4501.91   1349.00  -9999.00     18.05  -9999.00  -9999.00     40.66   -111.97     64.49  -9999.00  -9999.00
HOB21    421.05   4503.64   1300.00  -9999.00     20.18  -9999.00  -9999.00     40.68   -111.93     68.33  -9999.00  -9999.00
HOB22    427.41   4504.17   1314.00  -9999.00     19.74  -9999.00  -9999.00     40.69   -111.86     67.53  -9999.00  -9999.00
HOB23    432.36   4503.78   1497.00  -9999.00     18.63  -9999.00  -9999.00     40.68   -111.80     65.54  -9999.00  -9999.00
HOB24    421.94   4501.06   1300.00  -9999.00     18.69  -9999.00  -9999.00     40.66   -111.92     65.64  -9999.00  -9999.00
HOB25    427.18   4498.55   1338.00  -9999.00     18.67  -9999.00  -9999.00     40.63   -111.86     65.60  -9999.00  -9999.00
HOB26    421.92   4512.60   1287.00  -9999.00     20.70  -9999.00  -9999.00     40.76   -111.93     69.27  -9999.00  -9999.00
HOB27    422.39   4512.59   1287.00  -9999.00     20.31  -9999.00  -9999.00     40.76   -111.92     68.56  -9999.00  -9999.00
HOB28    422.85   4512.66   1287.00  -9999.00     20.08  -9999.00  -9999.00     40.76   -111.91     68.14  -9999.00  -9999.00
HOB29    423.33   4512.60   1289.00  -9999.00     20.27  -9999.00  -9999.00     40.76   -111.91     68.49  -9999.00  -9999.00
HOB30    423.83   4512.59   1291.00  -9999.00     21.16  -9999.00  -9999.00     40.76   -111.90     70.08  -9999.00  -9999.00
HOB31    424.31   4512.56   1296.00  -9999.00     21.14  -9999.00  -9999.00     40.76   -111.90     70.05  -9999.00  -9999.00
HOB32    424.80   4512.56   1298.00  -9999.00     21.00  -9999.00  -9999.00     40.76   -111.89     69.80  -9999.00  -9999.00
HOB33    425.27   4512.56   1299.00  -9999.00     19.75  -9999.00  -9999.00     40.76   -111.89     67.56  -9999.00  -9999.00
HOB34    425.78   4512.58   1304.00  -9999.00     20.21  -9999.00  -9999.00     40.76   -111.88     68.38  -9999.00  -9999.00
HOB35    426.32   4512.57   1313.00  -9999.00     19.94  -9999.00  -9999.00     40.76   -111.87     67.89  -9999.00  -9999.00
HOB36    426.74   4512.57   1325.00  -9999.00     20.37  -9999.00  -9999.00     40.76   -111.87     68.67  -9999.00  -9999.00
HOB37    427.19   4512.56   1342.00  -9999.00     20.26  -9999.00  -9999.00     40.76   -111.86     68.47  -9999.00  -9999.00
HOB38    427.71   4512.31   1384.00  -9999.00     20.00  -9999.00  -9999.00     40.76   -111.86     68.01  -9999.00  -9999.00
HOB39    428.26   4512.31   1411.00  -9999.00     20.16  -9999.00  -9999.00     40.76   -111.85     68.29  -9999.00  -9999.00
HOB40    428.63   4512.31   1426.00  -9999.00     20.38  -9999.00  -9999.00     40.76   -111.85     68.69  -9999.00  -9999.00
HOB41    425.20   4509.10   1298.00  -9999.00     18.89  -9999.00  -9999.00     40.73   -111.89     66.00  -9999.00  -9999.00
HOB42    425.24   4509.57   1298.00  -9999.00     20.12  -9999.00  -9999.00     40.73   -111.89     68.22  -9999.00  -9999.00
HOB43    425.22   4510.10   1294.00  -9999.00     19.73  -9999.00  -9999.00     40.74   -111.89     67.52  -9999.00  -9999.00
HOB44    425.23   4510.57   1293.00  -9999.00     20.01  -9999.00  -9999.00     40.74   -111.89     68.01  -9999.00  -9999.00
HOB45    425.24   4511.04   1292.00  -9999.00     18.36  -9999.00  -9999.00     40.75   -111.89     65.05  -9999.00  -9999.00
HOB46    425.28   4511.73   1293.00  -9999.00     19.71  -9999.00  -9999.00     40.75   -111.89     67.48  -9999.00  -9999.00
HOB47    425.29   4512.09   1296.00  -9999.00     19.61  -9999.00  -9999.00     40.76   -111.89     67.30  -9999.00  -9999.00
HOB48    425.28   4513.05   1306.00  -9999.00     20.21  -9999.00  -9999.00     40.76   -111.89     68.38  -9999.00  -9999.00
HOB49    425.28   4513.52   1326.00  -9999.00     19.77  -9999.00  -9999.00     40.77   -111.89     67.59  -9999.00  -9999.00
HOB50    425.02   4514.02   1350.00  -9999.00     19.35  -9999.00  -9999.00     40.77   -111.89     66.84  -9999.00  -9999.00
HOB51    425.29   4514.69   1398.00  -9999.00     20.50  -9999.00  -9999.00     40.78   -111.89     68.90  -9999.00  -9999.00
HOB52    425.25   4515.48   1474.00  -9999.00     20.28  -9999.00  -9999.00     40.79   -111.89     68.50  -9999.00  -9999.00
HOB53    425.56   4515.99   1498.00  -9999.00     19.27  -9999.00  -9999.00     40.79   -111.88     66.69  -9999.00  -9999.00
HOB54    425.00   4516.00   1524.00  -9999.00     20.54  -9999.00  -9999.00     40.79   -111.89     68.97  -9999.00  -9999.00
  
     427.27   4497.83   1400.00     40.63   -111.86
  224  WHEE 
   ht-m    dir.   spd-m/s
   1400      0     1.0
   1413    347     3.3
   1427    339     4.6
   1438    338     4.8
   1452    338     4.6
   1465    336     4.5
   1479    334     4.3
   1496    333     4.2
   1508    332     4.3
   1521    332     4.5
   1536    332     4.6
   1552    333     4.7
   1567    335     4.6
   1581    337     4.5
   1596    340     4.4
   1608    342     4.4
   1623    344     4.4
   1637    344     4.5
   1648    343     4.5
   1664    339     4.5
   1679    335     4.4
   1691    332     4.2
   1708    328     3.9
   1720    327     3.7
   1734    328     3.5
   1751    334     3.2
   1765    343     3.1
   1778    348     3.1
   1796    354     3.1
   1809    357     3.1
   1827      1     3.1
   1842      4     3.1
   1854      6     3.1
   1870      9     3.1
   1885     12     3.0
   1899     15     2.9
   1912     17     2.8
   1930     20     2.7
   1942     21     2.7
   1953     23     2.7
   1965     24     2.7
   1977     25     2.8
   1988     26     2.8
   2002     28     2.8
   2016     30     2.8
   2027     31     2.8
   2041     32     2.8
   2053     33     2.8
   2068     32     2.7
   2082     30     2.6
   2096     27     2.4
   2107     25     2.2
   2123     22     2.0
   2139     18     1.7
   2150     17     1.5
   2166     15     1.3
   2182     16     1.1
   2195     16     1.1
   2209     14     1.0
   2221     12     1.0
   2238     10     1.0
   2254     10     1.0
   2268      6     1.0
   2281      2     0.9
   2293    355     0.8
   2311    343     0.7
   2325    335     0.6
   2336    332     0.5
   2348    330     0.5
   2364    328     0.5
   2381    323     0.6
   2397    315     0.6
   2409    310     0.7
   2425    303     0.8
   2436    299     0.8
   2448    295     0.8
   2460    289     0.8
   2472    285     0.7
   2486    279     0.5
   2499      0     0.0
   2513      0     0.0
   2525      0     0.0
   2541      0     0.0
   2558      0     0.0
   2574      0     0.0
   2588      0     0.0
   2602      0     0.0
   2618      0     0.0
   2629      0     0.0
   2641    191     0.5
   2657    189     0.7
   2673    191     0.9
   2685    194     0.9
   2699    203     1.0
   2714    215     1.0
   2726    224     1.1
   2738    231     1.1
   2754    239     1.2
   2770    242     1.3
   2784    244     1.4
   2800    248     1.4
   2816    252     1.5
   2827    256     1.6
   2841    260     1.7
   2853    263     1.8
   2867    265     1.9
   2879    265     2.0
   2891    266     2.1
   2905    266     2.3
   2919    267     2.4
   2931    267     2.6
   2943    267     2.7
   2957    266     2.9
   2969    265     3.1
   2983    262     3.3
   3001    260     3.6
   3013    259     3.7
   3025    258     3.9
   3036    257     4.0
   3048    257     4.1
   3062    259     4.1
   3078    261     4.1
   3094    265     4.2
   3110    267     4.2
   3126    268     4.3
   3138    269     4.3
   3154    268     4.3
   3172    268     4.4
   3183    267     4.4
   3199    268     4.4
   3213    269     4.3
   3225    270     4.2
   3241    270     4.0
   3257    269     4.0
   3269    269     4.0
   3283    267     4.0
   3295    266     4.1
   3307    264     4.1
   3319    263     4.1
   3335    261     4.0
   3347    260     4.0
   3359    259     3.9
   3373    259     3.8
   3388    259     3.7
   3404    261     3.7
   3420    265     3.8
   3434    269     3.8
   3446    272     3.9
   3462    276     4.0
   3478    278     4.2
   3491    281     4.3
   3503    284     4.5
   3515    287     4.6
   3527    289     4.6
   3541    291     4.6
   3555    291     4.6
   3568    291     4.5
   3584    291     4.3
   3600    291     4.2
   3614    291     4.0
   3626    291     3.9
   3641    292     3.8
   3655    292     3.7
   3669    294     3.7
   3683    296     3.8
   3694    298     3.9
   3710    301     4.2
   3726    302     4.4
   3740    303     4.7
   3755    303     5.0
   3767    302     5.2
   3781    302     5.6
   3797    302     6.0
   3808    302     6.2
   3824    301     6.5
   3836    301     6.7
   3852    300     7.0
   3865    300     7.2
   3881    299     7.3
   3893    299     7.5
   3905    299     7.6
   3918    298     7.7
   3934    297     7.9
   3948    295     8.1
   3960    294     8.3
   3973    293     8.5
   3985    293     8.6
   4001    292     8.7
   4017    292     8.6
   4032    292     8.4
   4044    292     8.3
   4058    292     8.0
   4069    291     7.8
   4087    291     7.6
   4099    290     7.4
   4116    289     7.3
   4132    289     7.3
   4144    289     7.2
   4155    289     7.2
   4167    288     7.1
   4179    288     7.0
   4194    287     7.0
   4210    287     7.0
   4222    288     6.9
   4237    288     6.9
   4249    288     6.8
   4265    289     6.8
   4276    289     6.8
   4292    291     6.7
   4307    293     6.6
   4319    294     6.6
   4335    295     6.7
   4348    296     6.8
   4360    297     6.9
   4371    297     7.0
   4385    297     7.1
   4400    297     7.2
   4414    296     7.3
   4431    295     7.3
   4445    295     7.4
   4459    294     7.4
   4474    294     7.4
   4486    294     7.5
   4499    294     7.5
  
     432.35   4499.10   1453.00     40.64   -111.80
   24  MILL 
   ht-m    dir.   spd-m/s
   1468    264     0.6
   1473    281     2.2
   1478    287     2.2
   1483    290     2.3
   1488    291     2.4
   1493    292     2.3
   1498    289     2.2
   1503    290     2.1
   1508    295     2.3
   1513    296     2.4
   1518    304     2.1
   1523    306     2.1
   1535    220     3.0
   1590    292     3.5
   1645    301     3.6
   1700    297     3.3
   1838    323     3.0
   1975    355     3.3
   2030    357     2.4
   2085      8     2.2
   2140    354     1.6
   2223    345     1.9
   2415    350     1.5
   2608    356     1.1
  
     423.03   4496.76   1310.00     40.62   -111.91
   31  SHAY 
   ht-m    dir.   spd-m/s
   1420    354     3.7
   1475    350     3.5
   1530    347     4.0
   1585    347     4.1
   1640    348     4.0
   1667    345     2.3
   1695    347     3.9
   1750    343     3.7
   1805    346     3.2
   1860    344     1.3
   1915     27     0.3
   1970     13     0.2
   2025     79     0.1
   2052    360     0.7
   2080    287     0.1
   2135    148     0.1
   2190     39     0.3
   2245     29     0.4
   2300     23     0.3
   2355    322     0.4
   2410    294     0.8
   2437    294     0.5
   2465    285     0.8
   2520     18    14.7
   2574    240     0.3
   2629    209     0.8
   2684    206     1.1
   2739    219     1.2
   2822    228     1.3
   3014    247     2.8
   3207    254     5.0
  
     418.15   4514.79   1288.00     40.78   -111.97
  150  SLCR 
   ht-m    dir.   spd-m/s
   1288    320     4.1
   1339    341    51.9
   1356    341    44.5
   1382    340    37.0
   1411    340    29.6
   1438    339    22.2
   1475    338    14.8
   1500    334     7.4
   1529    246     1.0
   1551    169     7.6
   1580    331     5.3
   1590    331     5.3
   1620    334     4.8
   1982    341     3.5
   2005    340     3.6
   2023    340     3.6
   2050    341     3.4
   2075    340     3.5
   2099    340     3.6
   2122    340     3.7
   2142    339     3.2
   2171    336     2.1
   2195    330     1.1
   2220    301     0.4
   2240    210     0.4
   2271    190     0.7
   2303    188     1.0
   2333    193     1.0
   2364    207     0.9
   2394    212     0.9
   2421    203     0.9
   2449    189     1.1
   2473    178     1.4
   2507    171     1.8
   2532    168     2.1
   2545    165     2.4
   2562    162     3.0
   2611    160     3.6
   2623    159     4.2
   2655    157     4.5
   2690    157     5.3
   2725    156     5.8
   2740    155     6.1
   2781    156     6.2
   2796    157     6.0
   2832    158     5.7
   2864    159     5.4
   2874    161     5.0
   2906    162     4.2
   2933    165     3.2
   2960    174     1.5
   2988    289     0.5
   3000    330     1.8
   3040    330     2.9
   3065    319     3.9
   3093    303     5.0
   3115    285     6.4
   3145    270     8.4
   3163    260    11.0
   3206    254    13.3
   3231    250    15.3
   3254    248    16.8
   3287    246    17.9
   3320    245    18.6
   3355    245    19.0
   3395    244    19.0
   3419    243    18.7
   3431    242    18.0
   3455    241    17.0
   3479    241    15.6
   3510    243    14.0
   3546    246    12.1
   3569    251    10.0
   3593    259     8.0
   3619    269     6.5
   3645    281     5.6
   3685    291     5.3
   3714    297     5.3
   3738    299     5.7
   3768    300     6.0
   3805    300     6.3
   3836    301     6.7
   3861    301     7.1
   3893    302     7.5
   3923    302     7.7
   3953    302     7.9
   3982    302     8.0
   4013    301     8.1
   4040    301     8.2
   4069    301     8.2
   4096    300     8.1
   4122    299     8.1
   4153    299     8.1
   4177    298     8.1
   4216    298     8.2
   4246    297     8.2
   4270    297     8.3
   4300    296     8.3
   4328    296     8.4
   4352    296     8.5
   4380    296     8.5
   4409    296     8.5
   4439    296     8.6
   4474    296     8.6
   4504    296     8.6
   4534    296     8.5
   4558    296     8.4
   4585    296     8.3
   4621    296     8.2
   4644    296     8.1
   4675    296     8.1
   4705    296     8.0
   4736    297     8.1
   4768    297     8.2
   4794    298     8.3
   4825    298     8.4
   4852    298     8.6
   4885    298     8.8
   4918    299     9.1
   4943    299     9.4
   4971    299     9.6
   4993    299     9.8
   5030    299     9.9
   5056    299    10.0
   5086    299    10.1
   5112    299    10.2
   5137    299    10.2
   5178    299    10.2
   5211    299    10.2
   5240    299    10.2
   5267    299    10.2
   5290    299    10.2
   5322    299    10.1
   5348    299    10.2
   5380    299    10.2
   5402    299    10.2
   5428    300    10.3
   5469    300    10.5
   5496    300    10.8
   5524    301    11.2
   5549    301    11.5
   5574    301    11.8
   5604    301    12.0
   5633    301    12.2
   5658    300    12.4
   5685    300    12.6
   5712    300    12.8
   5743    300    12.9
   5775    299    13.1
   5796    299    13.3
  
     420.90   4479.80   1369.00     40.47   -111.93
   10  SDR  
   ht-m    dir.   spd-m/s
   1419    345     4.3
   1444    338     4.1
   1469    330     4.1
   1494    356     4.2
   1519    354     4.1
   1544    347     4.5
   1569    342     3.8
   1594    337     4.9
   1619    346     5.3
   1644    328     3.9
  
     428.33   4511.47   1409.00     40.75   -111.85
   10  ASU  
   ht-m    dir.   spd-m/s
   1400    268     1.8
   1420    257     2.2
   1440    246     2.7
   1460    266     3.1
   1480    276     2.0
   1500    308     2.4
   1520    262     2.8
   1540    288     1.6
   1560    298     1.8
   1580    279     2.2
  
     427.27   4497.83   1400.00     40.63   -111.86
  224    2  WHEE 
    ht-m   temp.-C pr-mb
   1400    18.3      868.60
   1413    18.8      867.30
   1427    18.6      865.80
   1438    18.5      864.80
   1452    18.2      863.30
   1465    18.0      862.00
   1479    17.9      860.50
   1496    17.6      858.90
   1508    17.5      857.60
   1521    17.4      856.40
   1536    17.3      854.90
   1552    17.1      853.20
   1567    16.8      851.80
   1581    16.8      850.30
   1596    16.6      848.90
   1608    16.4      847.60
   1623    16.3      846.20
   1637    16.1      844.70
   1648    16.0      843.70
   1664    15.9      842.10
   1679    15.8      840.60
   1691    15.7      839.40
   1708    15.5      837.70
   1720    15.4      836.50
   1734    15.2      835.10
   1751    15.1      833.50
   1765    14.9      832.00
   1778    14.7      830.80
   1796    14.6      829.00
   1809    14.4      827.80
   1827    14.3      826.00
   1842    14.3      824.60
   1854    14.3      823.30
   1870    14.3      821.70
   1885    14.2      820.30
   1899    14.4      818.90
   1912    14.3      817.70
   1930    14.2      815.90
   1942    14.2      814.70
   1953    14.1      813.80
   1965    14.1      812.60
   1977    14.0      811.40
   1988    13.9      810.40
   2002    13.9      809.00
   2016    13.8      807.60
   2027    13.7      806.60
   2041    13.5      805.30
   2053    13.4      804.10
   2068    13.5      802.70
   2082    13.5      801.30
   2096    13.3      800.00
   2107    13.3      799.00
   2123    13.2      797.40
   2139    12.9      795.90
   2150    12.9      794.90
   2166    12.8      793.40
   2182    12.8      791.80
   2195    12.9      790.60
   2209    12.9      789.30
   2221    12.9      788.10
   2238    12.8      786.60
   2254    12.8      785.10
   2268    12.6      783.70
   2281    12.5      782.60
   2293    12.4      781.40
   2311    12.1      779.70
   2325    12.1      778.40
   2336    12.0      777.40
   2348    12.0      776.30
   2364    11.9      774.80
   2381    11.7      773.30
   2397    11.5      771.80
   2409    11.4      770.60
   2425    11.3      769.10
   2436    11.4      768.20
   2448    11.2      767.10
   2460    11.1      765.90
   2472    11.0      764.80
   2486    10.9      763.50
   2499    10.7      762.40
   2513    10.6      761.10
   2525    10.6      760.00
   2541    10.5      758.50
   2558    10.4      757.00
   2574    10.4      755.50
   2588    10.3      754.30
   2602    10.0      753.00
   2618     9.9      751.50
   2629     9.8      750.60
   2641     9.7      749.50
   2657     9.6      748.00
   2673     9.5      746.60
   2685     9.4      745.50
   2699     9.4      744.20
   2714     9.3      742.90
   2726     9.2      741.80
   2738     9.3      740.80
   2754     9.2      739.30
   2770     8.9      737.90
   2784     8.7      736.60
   2800     8.6      735.20
   2816     8.6      733.70
   2827     8.4      732.80
   2841     8.2      731.60
   2853     8.2      730.50
   2867     8.1      729.30
   2879     8.0      728.20
   2891     7.8      727.10
   2905     7.7      725.90
   2919     7.6      724.70
   2931     7.4      723.60
   2943     7.3      722.50
   2957     7.3      721.30
   2969     7.2      720.20
   2983     7.0      719.00
   3001     6.9      717.40
   3013     6.7      716.40
   3025     6.6      715.30
   3036     6.5      714.50
   3048     6.4      713.40
   3062     6.3      712.20
   3078     6.2      710.80
   3094     6.3      709.40
   3110     6.3      708.00
   3126     6.3      706.70
   3138     6.2      705.60
   3154     6.2      704.20
   3172     6.0      702.70
   3183     5.9      701.70
   3199     5.7      700.30
   3213     5.7      699.10
   3225     5.5      698.10
   3241     5.4      696.70
   3257     5.2      695.40
   3269     5.2      694.30
   3283     5.0      693.20
   3295     4.9      692.10
   3307     4.9      691.10
   3319     4.7      690.10
   3335     4.6      688.80
   3347     4.4      687.80
   3359     4.4      686.80
   3373     4.2      685.60
   3388     4.0      684.20
   3404     3.9      682.90
   3420     3.7      681.60
   3434     3.6      680.40
   3446     3.6      679.40
   3462     3.4      678.10
   3478     3.3      676.80
   3491     3.3      675.60
   3503     3.2      674.60
   3515     3.1      673.60
   3527     3.0      672.70
   3541     2.9      671.50
   3555     2.8      670.40
   3568     2.7      669.20
   3584     2.7      667.90
   3600     2.7      666.60
   3614     2.5      665.50
   3626     2.5      664.50
   3641     2.3      663.20
   3655     2.2      662.10
   3669     2.0      660.90
   3683     1.8      659.80
   3694     1.7      658.80
   3710     1.8      657.60
   3726     1.8      656.30
   3740     1.7      655.10
   3755     1.6      653.90
   3767     1.5      652.90
   3781     1.5      651.80
   3797     1.4      650.50
   3808     1.5      649.60
   3824     1.5      648.30
   3836     1.5      647.40
   3852     1.6      646.10
   3865     1.5      645.00
   3881     1.5      643.70
   3893     1.5      642.80
   3905     1.5      641.90
   3918     1.4      640.80
   3934     1.3      639.50
   3948     1.1      638.40
   3960     1.1      637.50
   3973     0.9      636.40
   3985     0.7      635.50
   4001     0.8      634.20
   4017     0.8      633.00
   4032     0.7      631.70
   4044     0.5      630.80
   4058     0.5      629.70
   4069     0.4      628.80
   4087     0.3      627.40
   4099     0.2      626.50
   4116     0.1      625.10
   4132     0.0      623.90
   4144    -0.1      623.00
   4155    -0.1      622.10
   4167    -0.2      621.20
   4179    -0.4      620.30
   4194    -0.6      619.10
   4210    -0.8      617.90
   4222    -0.8      617.00
   4237    -1.0      615.80
   4249    -1.1      614.90
   4265    -1.2      613.70
   4276    -1.3      612.80
   4292    -1.5      611.60
   4307    -1.7      610.40
   4319    -1.7      609.50
   4335    -1.9      608.30
   4348    -1.9      607.20
   4360    -2.0      606.40
   4371    -2.0      605.50
   4385    -2.1      604.40
   4400    -2.3      603.30
   4414    -2.5      602.20
   4431    -2.6      600.90
   4445    -2.8      599.90
   4459    -2.9      598.90
   4474    -3.0      597.70
   4486    -2.9      596.80
   4499    -3.0      595.80
  
     423.03   4496.76   1310.00     40.62   -111.91
   10    2  SHAY 
    ht-m   temp.-C pr-mb
   1430    16.8      855.80
   1490    16.3      849.80
   1550    15.8      843.80
   1610    15.3      837.80
   1670    14.6      831.90
   1730    14.2      826.00
   1790    14.2      820.10
   1850    14.7      814.30
   1910    14.2      808.50
   1970    14.1      802.80
  
     418.15   4514.79   1288.00     40.78   -111.97
  164    2  SLCR 
    ht-m   temp.-C pr-mb
   1288    17.9      874.00
   1324    17.9      870.30
   1339    17.6      868.80
   1356    17.1      867.10
   1382    16.8      864.40
   1411    16.6      861.50
   1438    16.3      858.70
   1475    15.9      855.00
   1500    15.6      852.50
   1529    15.3      849.60
   1551    15.1      847.30
   1580    14.8      844.40
   1590    14.5      843.40
   1620    15.4      840.50
   1641    15.8      838.40
   1667    15.6      835.80
   1690    15.4      833.50
   1719    15.2      830.70
   1743    15.1      828.30
   1770    15.2      825.70
   1795    15.0      823.20
   1820    14.8      820.80
   1845    14.6      818.40
   1879    14.3      815.10
   1901    14.1      812.90
   1931    13.8      810.00
   1958    13.6      807.40
   1982    13.4      805.10
   2005    13.1      802.90
   2023    13.0      801.20
   2050    12.8      798.60
   2075    12.7      796.30
   2099    12.4      794.00
   2122    12.3      791.80
   2142    12.1      789.90
   2171    12.0      787.20
   2195    11.9      784.90
   2220    11.8      782.60
   2240    11.6      780.70
   2271    11.5      777.80
   2303    11.4      774.80
   2333    11.3      772.00
   2364    10.8      769.20
   2394    10.5      766.40
   2421    10.3      763.90
   2449    10.2      761.30
   2473    10.0      759.10
   2507     9.8      756.00
   2532     9.5      753.80
   2545     9.3      752.60
   2562     9.1      751.00
   2611     8.8      746.60
   2623     8.8      745.50
   2655     8.3      742.60
   2690     8.3      739.50
   2725     8.0      736.30
   2740     7.4      735.00
   2781     7.5      731.30
   2796     7.3      730.00
   2832     7.0      726.80
   2864     7.0      724.00
   2874     6.9      723.10
   2906     6.9      720.30
   2933     6.8      717.90
   2960     6.5      715.60
   2988     6.3      713.10
   3000     6.0      712.10
   3040     5.8      708.60
   3065     5.7      706.40
   3093     5.3      704.00
   3115     5.0      702.10
   3145     4.9      699.50
   3163     4.6      698.00
   3206     4.3      694.30
   3231     4.1      692.20
   3254     3.9      690.20
   3287     3.8      687.40
   3320     3.7      684.60
   3355     3.6      681.70
   3395     3.4      678.30
   3419     3.2      676.30
   3431     3.1      675.30
   3455     3.0      673.30
   3479     2.9      671.30
   3510     2.6      668.70
   3546     2.3      665.80
   3569     2.2      663.90
   3593     2.1      661.90
   3619     2.1      659.80
   3645     2.0      657.60
   3685     1.8      654.40
   3714     1.8      652.00
   3738     1.7      650.10
   3768     1.5      647.70
   3805     1.5      644.70
   3836     1.3      642.20
   3861     1.1      640.20
   3893     1.0      637.70
   3923     0.7      635.30
   3953     0.5      632.90
   3982     0.4      630.60
   4013     0.2      628.20
   4040    -0.2      626.10
   4069    -0.4      623.80
   4096    -0.6      621.70
   4122    -0.9      619.70
   4153    -1.2      617.30
   4177    -1.5      615.40
   4216    -1.8      612.40
   4246    -2.1      610.10
   4270    -2.3      608.30
   4300    -2.6      606.00
   4328    -2.9      603.80
   4352    -3.1      602.00
   4380    -3.3      599.90
   4409    -3.6      597.70
   4439    -3.9      595.40
   4474    -4.0      592.80
   4504    -4.3      590.50
   4534    -4.5      588.30
   4558    -4.8      586.50
   4585    -5.0      584.50
   4621    -5.2      581.80
   4644    -5.4      580.10
   4675    -5.7      577.80
   4705    -5.8      575.60
   4736    -6.1      573.30
   4768    -6.4      571.00
   4794    -6.6      569.10
   4825    -6.9      566.80
   4852    -7.1      564.90
   4885    -7.4      562.50
   4918    -7.7      560.10
   4943    -7.8      558.30
   4971    -8.0      556.30
   4993    -8.2      554.70
   5030    -8.4      552.10
   5056    -8.7      550.20
   5086    -8.9      548.10
   5112    -9.2      546.30
   5137    -9.5      544.50
   5178    -9.8      541.60
   5211   -10.1      539.30
   5240   -10.2      537.30
   5267   -10.3      535.40
   5290   -10.4      533.80
   5322   -10.4      531.60
   5348   -10.5      529.80
   5380   -10.8      527.60
   5402   -11.0      526.10
   5428   -11.0      524.30
   5469   -11.2      521.50
   5496   -11.4      519.70
   5524   -11.5      517.80
   5549   -11.6      516.10
   5574   -11.7      514.40
   5604   -11.9      512.40
   5633   -12.0      510.50
   5658   -12.1      508.80
   5685   -12.3      507.00
   5712   -12.3      505.20
   5743   -12.6      503.20
   5775   -12.8      501.10
   5796   -13.1      499.70
  
     428.33   4511.47   1409.00     40.75   -111.85
   10    2  ASU  
    ht-m   temp.-C pr-mb
   1400    19.2      863.30
   1420    18.6      861.20
   1440    18.0      859.20
   1460    17.6      857.20
   1480    17.6      855.20
   1500    17.5      853.20
   1520    17.1      851.20
   1540    17.2      849.20
   1560    16.7      847.20
   1580    16.3      845.20
